206,19,554,15,554,42,206,46
197,49,227,49,297,50,368,50,434,51,505,50,535,50,535,67,505,67,434,68,368,68,297,67,227,67,197,66
63,95,144,95,144,112,63,112
85,115,120,113,156,112,240,111,279,112,351,112,386,113,386,133,351,132,278,132,240,131,156,132,120,133,85,135
57,137,85,138,130,137,166,137,218,140,246,136,278,133,278,152,246,155,219,158,166,156,131,156,85,157,57,156
66,159,104,159,154,161,223,158,259,157,330,156,367,154,367,175,330,177,259,178,223,179,154,182,104,180,66,180
202,267,408,265,409,292,202,294
369,304,411,304,411,317,369,317
460,318,567,316,568,328,460,330
337,326,443,326,443,339,337,339
206,328,321,326,322,342,206,343
118,328,147,328,147,339,118,339
525,330,573,330,573,342,525,342
459,331,498,333,498,343,459,342
87,341,100,341,114,340,132,340,152,340,165,340,178,339,179,352,166,353,152,354,132,354,114,354,100,355,87,355
